217471166
181034961
153873357
153961319
164033575
154486312
133565930
147241510
91218944
52432566
82299
79987
65000
61141
58902
58685
57626
55686
55312
54580
53911
50834
49023
43454
35892
33050
32903
32519
32064
31817
29942
30068
29586
28968
27620
27523
27456
27025
27006
26908
26296
25901
23963
23589
23344
21970
19571
14822
14783
13263
13206
12419
12521
11880
10997
10342
10052
9471
8724
7422
7405
7253
7202
7211
7122
7030
6907
6647
6523
6028
6000
5864
5477
5339
5161
5000
4995
5000
5009
5000
5000
4995
5000
4968
4956
4911
4869
4861
4823
4807
4774
4757
4550
4514
4418
4398
4214
4229
4123
4004
4015
3937
3827
3579
3509
3381
3295
3301
3268
3217
3194
3192
3138
3000
3000
2874
2837
2840
2779
2622
2504
2471
2353
2303
2182
2086
2000
2000
1875
1708
1654
1647
1625
1584
1572
1428
1370
1347
1321
1280
1275
1274
1249
1243
1192
1152
1118
1116
1110
1101
1092
1076
1051
1015
1000
1000
997
991
962
896
803
786
755
748
593
582
17610
