0
217473024
398508032
552382464
706347008
870383616
1024872448
1158438912
1305681920
1396903936
1449336832
1449422848
1449504768
1449570304
1449631744
1449693184
1449754624
1449816064
1449873408
1449930752
1449988096
1450045440
1450098688
1450147840
1450192896
1450229760
1450266624
1450303488
1450336256
1450369024
1450401792
1450434560
1450467328
1450500096
1450532864
1450561536
1450590208
1450618880
1450647552
1450676224
1450704896
1450733568
1450762240
1450786816
1450811392
1450835968
1450860544
1450881024
1450897408
1450913792
1450930176
1450946560
1450962944
1450979328
1450991616
1451003904
1451016192
1451028480
1451040768
1451053056
1451061248
1451069440
1451077632
1451085824
1451094016
1451102208
1451110400
1451118592
1451126784
1451134976
1451143168
1451151360
1451159552
1451167744
1451175936
1451184128
1451192320
1451200512
1451208704
1451216896
1451225088
1451233280
1451241472
1451249664
1451257856
1451266048
1451274240
1451282432
1451290624
1451298816
1451307008
1451315200
1451323392
1451331584
1451339776
1451347968
1451356160
1451364352
1451372544
1451380736
1451384832
1451388928
1451393024
1451397120
1451401216
1451405312
1451409408
1451413504
1451417600
1451421696
1451425792
1451429888
1451433984
1451438080
1451442176
1451446272
1451450368
1451454464
1451458560
1451462656
1451466752
1451470848
1451474944
1451479040
1451483136
1451487232
1451491328
1451495424
1451499520
1451503616
1451507712
1451511808
1451515904
1451520000
1451524096
1451528192
1451532288
1451536384
1451540480
1451544576
1451548672
1451552768
1451556864
1451560960
1451565056
1451569152
1451573248
1451577344
1451581440
1451585536
1451589632
1451593728
1451597824
1451601920
1451606016
1451610112
1451614208
1451618304
1451622400
1451626496
1451630592
1451634688
1451638784
1451642880
1451646976
1451651072
1451655168
1451675648
